/*--------------------------------*- C++ -*----------------------------------*\
  =========                 |
  \      /  F ield         | OpenFOAM: The Open Source CFD Toolbox
   \    /   O peration     |
    \  /    A nd           | Version:  12+
     \/     M anipulation  |
\*---------------------------------------------------------------------------*/

points
(
    (0.179404048 0.000000000 0.000877377)
    (0.179421876 0.000000000 0.000881309)
    (0.179539305 0.000000000 0.002012137)
    (0.179539204 0.000000000 0.002014969)
    (0.179784501 0.000000000 0.003132793)
    (0.179780011 0.000000000 0.003137456)
    (0.179780003 0.000000000 0.003137390)
    (0.180034074 0.000000000 0.004255951)
    (0.180034123 0.000000000 0.004255868)
    (0.180299537 0.000000000 0.005369118)
    (0.180299643 0.000000000 0.005368991)
    (0.180304322 0.000000000 0.005370300)
    (0.180570118 0.000000000 0.006484653)
    (0.180570141 0.000000000 0.006484540)
    (0.180852599 0.000000000 0.007596440)
    (0.180852644 0.000000000 0.007596539)
    (0.180855027 0.000000000 0.007595108)
    (0.181127624 0.000000000 0.008708698)
    (0.181127648 0.000000000 0.008708765)
    (0.181398596 0.000000000 0.009823072)
    (0.185606051 0.000000000 0.001117615)
    (0.185702700 0.000000000 0.002220487)
    (0.183270299 0.000000000 0.004291231)
    (0.183512600 0.000000000 0.005396683)
    (0.184027180 0.000000000 0.007592030)
    (0.184278988 0.000000000 0.008693072)
    (0.184616080 0.000000000 0.010920816)
    (0.184842664 0.000000000 0.012030111)
    (0.185138455 0.000000000 0.013134153)
    (0.185772120 0.000000000 0.015285294)
    (0.183628512 0.000000000 0.017487660)
    (0.183927640 0.000000000 0.018608864)
    (0.184203323 0.000000000 0.019748090)
    (0.184695183 0.000000000 0.021942308)
    (0.184779640 0.000000000 0.023129830)
    (0.185018150 0.000000000 0.024258451)
    (0.185505126 0.000000000 0.026498135)
    (0.185724475 0.000000000 0.027616507)
    (0.185919796 0.000000000 0.028746899)
    (0.186353895 0.000000000 0.030996238)
    (0.188812139 0.000000000 0.001248513)
    (0.189160016 0.000000000 0.003394584)
    (0.189559968 0.000000000 0.005548911)
    (0.189796703 0.000000000 0.007736264)
    (0.190222240 0.000000000 0.009878941)
    (0.190640836 0.000000000 0.012025728)
    (0.188459726 0.000000000 0.014130429)
    (0.188977318 0.000000000 0.016310655)
    (0.189473248 0.000000000 0.018476398)
    (0.189744183 0.000000000 0.020680139)
    (0.190159988 0.000000000 0.022867093)
    (0.190555337 0.000000000 0.025063694)
    (0.188527231 0.000000000 0.027369774)
    (0.188914850 0.000000000 0.029608420)
    (0.189298201 0.000000000 0.031832654)
    (0.189623311 0.000000000 0.034068882)
    (0.189839657 0.000000000 0.036330710)
    (0.189961382 0.000000000 0.037476375)
    (0.190268392 0.000000000 0.039721399)
    (0.190684204 0.000000000 0.041955290)
    (0.194905543 0.000000000 0.001551181)
    (0.195094560 0.000000000 0.003655052)
    (0.195404705 0.000000000 0.005771287)
    (0.195757702 0.000000000 0.007870392)
    (0.193358373 0.000000000 0.009890900)
    (0.193755527 0.000000000 0.012004828)
    (0.194172616 0.000000000 0.014105593)
    (0.194606848 0.000000000 0.016230988)
    (0.194817199 0.000000000 0.018368581)
    (0.195204030 0.000000000 0.020492555)
    (0.195539428 0.000000000 0.022625496)
    (0.195856904 0.000000000 0.024764827)
    (0.193756059 0.000000000 0.027017837)
    (0.194079986 0.000000000 0.029222987)
    (0.194380572 0.000000000 0.031374266)
    (0.194648307 0.000000000 0.033552130)
    (0.194785898 0.000000000 0.035755094)
    (0.194876562 0.000000000 0.036874031)
    (0.195120427 0.000000000 0.039064873)
    (0.195476568 0.000000000 0.041249742)
    (0.201101558 0.000000000 0.001885580)
    (0.198346387 0.000000000 0.003774292)
    (0.198630754 0.000000000 0.005845583)
    (0.198938878 0.000000000 0.007911686)
    (0.199240943 0.000000000 0.009982185)
    (0.199556588 0.000000000 0.012047159)
    (0.199757530 0.000000000 0.014114217)
    (0.200044912 0.000000000 0.016191758)
    (0.200355365 0.000000000 0.018247414)
    (0.200660152 0.000000000 0.020314236)
    (0.200918046 0.000000000 0.022395612)
    (0.198710487 0.000000000 0.024587679)
    (0.198984530 0.000000000 0.026681188)
    (0.199235785 0.000000000 0.028827523)
    (0.199459024 0.000000000 0.030920698)
    (0.199666994 0.000000000 0.033045094)
    (0.199783285 0.000000000 0.035179541)
    (0.199791698 0.000000000 0.036276271)
    (0.199972425 0.000000000 0.038410463)
    (0.200268992 0.000000000 0.040543913)
    (0.204295603 0.000000000 0.002074800)
    (0.204470324 0.000000000 0.004070396)
    (0.204674936 0.000000000 0.006085289)
    (0.204836415 0.000000000 0.008101610)
    (0.204920626 0.000000000 0.010121151)
    (0.205129752 0.000000000 0.012142491)
    (0.205449552 0.000000000 0.014131929)
    (0.205673598 0.000000000 0.016149130)
    (0.205891893 0.000000000 0.018147044)
    (0.203588850 0.000000000 0.020224909)
    (0.203817481 0.000000000 0.022271122)
    (0.204012884 0.000000000 0.024320429)
    (0.204211826 0.000000000 0.026356327)
    (0.204364288 0.000000000 0.028411807)
    (0.204476585 0.000000000 0.029474737)
    (0.204630184 0.000000000 0.031537923)
    (0.204778095 0.000000000 0.033606151)
    (0.204835320 0.000000000 0.035681582)
    (0.204852521 0.000000000 0.037755569)
    (0.205060543 0.000000000 0.039833075)
    (0.210390670 0.000000000 0.002461495)
    (0.210385630 0.000000000 0.004421108)
    (0.210497503 0.000000000 0.006387560)
    (0.210654108 0.000000000 0.008313461)
    (0.210792643 0.000000000 0.010283430)
    (0.210921239 0.000000000 0.012237737)
    (0.211144717 0.000000000 0.014170783)
    (0.208674527 0.000000000 0.016116516)
    (0.208873976 0.000000000 0.018094176)
    (0.209046060 0.000000000 0.020077657)
    (0.209198135 0.000000000 0.022069960)
    (0.209318155 0.000000000 0.024061897)
    (0.209437867 0.000000000 0.026034838)
    (0.209517952 0.000000000 0.028029275)
    (0.209594521 0.000000000 0.029060044)
    (0.209676873 0.000000000 0.031062547)
    (0.209757286 0.000000000 0.033070418)
    (0.209833423 0.000000000 0.035082389)
    (0.209898029 0.000000000 0.037096135)
    (0.209928532 0.000000000 0.039114250)
    (0.213583795 0.000000000 0.002686798)
    (0.213651668 0.000000000 0.004582555)
    (0.213736713 0.000000000 0.006507790)
    (0.213840577 0.000000000 0.008428878)
    (0.213941718 0.000000000 0.010353539)
    (0.214050264 0.000000000 0.012273335)
    (0.214162074 0.000000000 0.014189856)
    (0.214297891 0.000000000 0.016107335)
    (0.214411904 0.000000000 0.018023656)
    (0.214500537 0.000000000 0.019946813)
    (0.214572058 0.000000000 0.021874064)
    (0.214619232 0.000000000 0.023808054)
    (0.214640884 0.000000000 0.024776667)
    (0.214678493 0.000000000 0.026711022)
    (0.214710550 0.000000000 0.028649310)
    (0.214727386 0.000000000 0.030583764)
    (0.214737918 0.000000000 0.032530181)
    (0.214746832 0.000000000 0.034481111)
    (0.214749323 0.000000000 0.036431508)
    (0.214763026 0.000000000 0.038374002)
    (0.219773166 0.000000000 0.003142771)
    (0.219769387 0.000000000 0.004969337)
    (0.219774848 0.000000000 0.006831920)
    (0.219797149 0.000000000 0.008690774)
    (0.219817995 0.000000000 0.010552861)
    (0.219843846 0.000000000 0.012410339)
    (0.219869735 0.000000000 0.014264847)
    (0.219919145 0.000000000 0.016121127)
    (0.219948792 0.000000000 0.017975948)
    (0.219937831 0.000000000 0.019824582)
    (0.219912036 0.000000000 0.021679435)
    (0.219892429 0.000000000 0.023548588)
    (0.219901812 0.000000000 0.024504344)
    (0.219853769 0.000000000 0.026384617)
    (0.219825279 0.000000000 0.028247129)
    (0.219770880 0.000000000 0.030116359)
    (0.219714449 0.000000000 0.031997464)
    (0.219659115 0.000000000 0.033882014)
    (0.219599836 0.000000000 0.035766590)
    (0.219553598 0.000000000 0.037642417)
    (0.225848771 0.000000000 0.003616329)
    (0.225652421 0.000000000 0.005407020)
    (0.225575239 0.000000000 0.007213129)
    (0.225532844 0.000000000 0.008967883)
    (0.225474294 0.000000000 0.010768317)
    (0.225408141 0.000000000 0.012568119)
    (0.225381616 0.000000000 0.014349206)
    (0.225357696 0.000000000 0.016174330)
    (0.225265275 0.000000000 0.017935045)
    (0.225266830 0.000000000 0.019710193)
    (0.225218501 0.000000000 0.021510426)
    (0.225142556 0.000000000 0.023314319)
    (0.225153615 0.000000000 0.024258131)
    (0.225040834 0.000000000 0.026070645)
    (0.224939699 0.000000000 0.027862226)
    (0.224814323 0.000000000 0.029664212)
    (0.224691107 0.000000000 0.031477619)
    (0.224571813 0.000000000 0.033293751)
    (0.224451028 0.000000000 0.035110416)
    (0.224344878 0.000000000 0.036917672)
    (0.229050228 0.000000000 0.003919754)
    (0.228939435 0.000000000 0.005638198)
    (0.231599271 0.000000000 0.007630676)
    (0.231477735 0.000000000 0.009311581)
    (0.231325236 0.000000000 0.011071362)
    (0.231174501 0.000000000 0.012800530)
    (0.231068758 0.000000000 0.014493399)
    (0.230976423 0.000000000 0.016255915)
    (0.230793919 0.000000000 0.017943704)
    (0.230708518 0.000000000 0.018824934)
    (0.230557471 0.000000000 0.020557523)
    (0.230370157 0.000000000 0.022282762)
    (0.230268733 0.000000000 0.024030571)
    (0.230226735 0.000000000 0.025779842)
    (0.230053064 0.000000000 0.027497471)
    (0.229857847 0.000000000 0.029228673)
    (0.229667391 0.000000000 0.030971926)
    (0.229484419 0.000000000 0.032716644)
    (0.229302449 0.000000000 0.034462412)
    (0.229136545 0.000000000 0.036198118)
    (0.235223358 0.000000000 0.004499204)
    (0.235045866 0.000000000 0.006161729)
    (0.234853535 0.000000000 0.007856184)
    (0.234673256 0.000000000 0.009546203)
    (0.234494099 0.000000000 0.011242061)
    (0.234314389 0.000000000 0.012932233)
    (0.234216999 0.000000000 0.013782849)
    (0.236589259 0.000000000 0.016390654)
    (0.236303578 0.000000000 0.018022190)
    (0.236071537 0.000000000 0.019648395)
    (0.235958227 0.000000000 0.020502971)
    (0.235695533 0.000000000 0.022158486)
    (0.235446446 0.000000000 0.023815951)
    (0.235363498 0.000000000 0.025511726)
    (0.235162982 0.000000000 0.027153140)
    (0.234898590 0.000000000 0.028808820)
    (0.234641459 0.000000000 0.030478722)
    (0.234394895 0.000000000 0.032144852)
    (0.236194286 0.000000000 0.034254555)
    (0.236185112 0.000000000 0.035095948)
    (0.241269487 0.000000000 0.005179815)
    (0.240883853 0.000000000 0.006779975)
    (0.240636895 0.000000000 0.008342745)
    (0.240442230 0.000000000 0.009975596)
    (0.240352457 0.000000000 0.011631360)
    (0.240091206 0.000000000 0.013246045)
    (0.239938446 0.000000000 0.014100758)
    (0.239704219 0.000000000 0.015685541)
    (0.239440576 0.000000000 0.017284390)
    (0.241503619 0.000000000 0.019675715)
    (0.241206688 0.000000000 0.021259458)
    (0.241014210 0.000000000 0.022068834)
    (0.240688181 0.000000000 0.023645630)
    (0.240465191 0.000000000 0.025241266)
    (0.240267213 0.000000000 0.026823842)
    (0.239934354 0.000000000 0.028397488)
    (0.239612544 0.000000000 0.029985569)
    (0.241341039 0.000000000 0.031989734)
    (0.241003227 0.000000000 0.033535731)
    (0.240967459 0.000000000 0.034337656)
    (0.244476122 0.000000000 0.005589873)
    (0.244185742 0.000000000 0.007128344)
    (0.246632518 0.000000000 0.008984917)
    (0.246453107 0.000000000 0.009824825)
    (0.246126806 0.000000000 0.011341918)
    (0.245765283 0.000000000 0.012866156)
    (0.245493786 0.000000000 0.014373331)
    (0.245344473 0.000000000 0.015958347)
    (0.245150669 0.000000000 0.016762071)
    (0.244802777 0.000000000 0.018272186)
    (0.244447416 0.000000000 0.019806498)
    (0.246334845 0.000000000 0.021992408)
    (0.245930806 0.000000000 0.023479705)
    (0.245807509 0.000000000 0.024280520)
    (0.245554892 0.000000000 0.025780405)
    (0.245161095 0.000000000 0.027252392)
    (0.244767442 0.000000000 0.028745254)
    (0.244387997 0.000000000 0.030237717)
    (0.244018644 0.000000000 0.031729995)
    (0.243838083 0.000000000 0.032478359)
    (0.250625230 0.000000000 0.006473345)
    (0.250615984 0.000000000 0.006504096)
    (0.250439606 0.000000000 0.007215870)
    (0.250414641 0.000000000 0.007234699)
    (0.250260397 0.000000000 0.007930101)
    (0.250241855 0.000000000 0.007970639)
    (0.250068118 0.000000000 0.008680030)
    (0.250058370 0.000000000 0.008717809)
    (0.249878042 0.000000000 0.009425450)
    (0.249868648 0.000000000 0.009466905)
    (0.249680532 0.000000000 0.010216436)
    (0.249680528 0.000000000 0.010215936)
    (0.249491347 0.000000000 0.010961312)
    (0.249491205 0.000000000 0.010961858)
    (0.249302503 0.000000000 0.011665208)
    (0.249292010 0.000000000 0.011703641)
    (0.249114473 0.000000000 0.012391984)
    (0.249100728 0.000000000 0.012434749)
    (0.248927257 0.000000000 0.013135215)
    (0.248905823 0.000000000 0.013182891)
    (0.089702024 0.155368463 0.000877377)
    (0.089710938 0.155383903 0.000881309)
    (0.089769652 0.155485599 0.002012137)
    (0.089769602 0.155485512 0.002014969)
    (0.089892251 0.155697945 0.003132793)
    (0.089890005 0.155694056 0.003137456)
    (0.089890001 0.155694049 0.003137390)
    (0.090017037 0.155914082 0.004255951)
    (0.090017062 0.155914124 0.004255868)
    (0.090149768 0.156143979 0.005369118)
    (0.090149822 0.156144071 0.005368991)
    (0.090152161 0.156148123 0.005370300)
    (0.090285059 0.156378309 0.006484653)
    (0.090285071 0.156378330 0.006484540)
    (0.090426300 0.156622945 0.007596440)
    (0.090426322 0.156622984 0.007596539)
    (0.090427513 0.156625048 0.007595108)
    (0.090563812 0.156861124 0.008708698)
    (0.090563824 0.156861144 0.008708765)
    (0.090699298 0.157095793 0.009823072)
    (0.092803026 0.160739555 0.001117615)
    (0.092851350 0.160823256 0.002220487)
    (0.091635149 0.158716734 0.004291231)
    (0.091756300 0.158926574 0.005396683)
    (0.092013590 0.159372213 0.007592030)
    (0.092139494 0.159590285 0.008693072)
    (0.092308040 0.159882215 0.010920816)
    (0.092421332 0.160078443 0.012030111)
    (0.092569227 0.160334605 0.013134153)
    (0.092886060 0.160883375 0.015285294)
    (0.091814256 0.159026956 0.017487660)
    (0.091963820 0.159286009 0.018608864)
    (0.092101661 0.159524757 0.019748090)
    (0.092347591 0.159950720 0.021942308)
    (0.092389820 0.160023862 0.023129830)
    (0.092509075 0.160230418 0.024258451)
    (0.092752563 0.160652152 0.026498135)
    (0.092862237 0.160842113 0.027616507)
    (0.092959898 0.161011266 0.028746899)
    (0.093176948 0.161387208 0.030996238)
    (0.094406070 0.163516109 0.001248513)
    (0.094580008 0.163817379 0.003394584)
    (0.094779984 0.164163748 0.005548911)
    (0.094898351 0.164368766 0.007736264)
    (0.095111120 0.164737292 0.009878941)
    (0.095320418 0.165099807 0.012025728)
    (0.094229863 0.163210910 0.014130429)
    (0.094488659 0.163659158 0.016310655)
    (0.094736624 0.164088646 0.018476398)
    (0.094872091 0.164323283 0.020680139)
    (0.095079994 0.164683380 0.022867093)
    (0.095277669 0.165025763 0.025063694)
    (0.094263615 0.163269371 0.027369774)
    (0.094457425 0.163605059 0.029608420)
    (0.094649101 0.163937051 0.031832654)
    (0.094811656 0.164218605 0.034068882)
    (0.094919828 0.164405965 0.036330710)
    (0.094980691 0.164511383 0.037476375)
    (0.095134196 0.164777261 0.039721399)
    (0.095342102 0.165137365 0.041955290)
    (0.097452771 0.168793151 0.001551181)
    (0.097547280 0.168956845 0.003655052)
    (0.097702353 0.169225439 0.005771287)
    (0.097878851 0.169531143 0.007870392)
    (0.096679187 0.167453263 0.009890900)
    (0.096877763 0.167797208 0.012004828)
    (0.097086308 0.168158418 0.014105593)
    (0.097303424 0.168534474 0.016230988)
    (0.097408599 0.168716643 0.018368581)
    (0.097602015 0.169051649 0.020492555)
    (0.097769714 0.169342112 0.022625496)
    (0.097928452 0.169617054 0.024764827)
    (0.096878029 0.167797669 0.027017837)
    (0.097039993 0.168078198 0.029222987)
    (0.097190286 0.168338513 0.031374266)
    (0.097324153 0.168570379 0.033552130)
    (0.097392949 0.168689536 0.035755094)
    (0.097438281 0.168768053 0.036874031)
    (0.097560213 0.168979247 0.039064873)
    (0.097738284 0.169287674 0.041249742)
    (0.100550779 0.174159058 0.001885580)
    (0.099173193 0.171773010 0.003774292)
    (0.099315377 0.172019279 0.005845583)
    (0.099469439 0.172286122 0.007911686)
    (0.099620472 0.172547719 0.009982185)
    (0.099778294 0.172821075 0.012047159)
    (0.099878765 0.172995095 0.014114217)
    (0.100022456 0.173243976 0.016191758)
    (0.100177682 0.173512836 0.018247414)
    (0.100330076 0.173776789 0.020314236)
    (0.100459023 0.174000132 0.022395612)
    (0.099355244 0.172088330 0.024587679)
    (0.099492265 0.172325658 0.026681188)
    (0.099617892 0.172543251 0.028827523)
    (0.099729512 0.172736582 0.030920698)
    (0.099833497 0.172916689 0.033045094)
    (0.099891643 0.173017400 0.035179541)
    (0.099895849 0.173024686 0.036276271)
    (0.099986213 0.173181200 0.038410463)
    (0.100134496 0.173438035 0.040543913)
    (0.102147802 0.176925182 0.002074800)
    (0.102235162 0.177076495 0.004070396)
    (0.102337468 0.177253694 0.006085289)
    (0.102418208 0.177393539 0.008101610)
    (0.102460313 0.177466468 0.010121151)
    (0.102564876 0.177647576 0.012142491)
    (0.102724776 0.177924532 0.014131929)
    (0.102836799 0.178118561 0.016149130)
    (0.102945947 0.178307610 0.018147044)
    (0.101794425 0.176313116 0.020224909)
    (0.101908740 0.176511116 0.022271122)
    (0.102006442 0.176680341 0.024320429)
    (0.102105913 0.176852629 0.026356327)
    (0.102182144 0.176984665 0.028411807)
    (0.102238292 0.177081917 0.029474737)
    (0.102315092 0.177214938 0.031537923)
    (0.102389047 0.177343032 0.033606151)
    (0.102417660 0.177392591 0.035681582)
    (0.102426261 0.177407487 0.037755569)
    (0.102530271 0.177587639 0.039833075)
    (0.105195335 0.182203665 0.002461495)
    (0.105192815 0.182199301 0.004421108)
    (0.105248751 0.182296185 0.006387560)
    (0.105327054 0.182431809 0.008313461)
    (0.105396322 0.182551784 0.010283430)
    (0.105460619 0.182663151 0.012237737)
    (0.105572358 0.182856689 0.014170783)
    (0.104337264 0.180717442 0.016116516)
    (0.104436988 0.180890169 0.018094176)
    (0.104523030 0.181039199 0.020077657)
    (0.104599067 0.181170899 0.022069960)
    (0.104659077 0.181274839 0.024061897)
    (0.104718934 0.181378513 0.026034838)
    (0.104758976 0.181447869 0.028029275)
    (0.104797260 0.181514179 0.029060044)
    (0.104838436 0.181585498 0.031062547)
    (0.104878643 0.181655138 0.033070418)
    (0.104916711 0.181721075 0.035082389)
    (0.104949015 0.181777025 0.037096135)
    (0.104964266 0.181803441 0.039114250)
    (0.106791898 0.184968992 0.002686798)
    (0.106825834 0.185027772 0.004582555)
    (0.106868356 0.185101423 0.006507790)
    (0.106920288 0.185191372 0.008428878)
    (0.106970859 0.185278963 0.010353539)
    (0.107025132 0.185372967 0.012273335)
    (0.107081037 0.185469797 0.014189856)
    (0.107148946 0.185587418 0.016107335)
    (0.107205952 0.185686156 0.018023656)
    (0.107250268 0.185762914 0.019946813)
    (0.107286029 0.185824853 0.021874064)
    (0.107309616 0.185865707 0.023808054)
    (0.107320442 0.185884459 0.024776667)
    (0.107339246 0.185917028 0.026711022)
    (0.107355275 0.185944790 0.028649310)
    (0.107363693 0.185959371 0.030583764)
    (0.107368959 0.185968492 0.032530181)
    (0.107373416 0.185976212 0.034481111)
    (0.107374661 0.185978369 0.036431508)
    (0.107381513 0.185990236 0.038374002)
    (0.109886583 0.190329144 0.003142771)
    (0.109884693 0.190325872 0.004969337)
    (0.109887424 0.190330602 0.006831920)
    (0.109898575 0.190349915 0.008690774)
    (0.109908998 0.190367968 0.010552861)
    (0.109921923 0.190390355 0.012410339)
    (0.109934868 0.190412776 0.014264847)
    (0.109959573 0.190455566 0.016121127)
    (0.109974396 0.190481241 0.017975948)
    (0.109968915 0.190471748 0.019824582)
    (0.109956018 0.190449410 0.021679435)
    (0.109946214 0.190432429 0.023548588)
    (0.109950906 0.190440555 0.024504344)
    (0.109926885 0.190398949 0.026384617)
    (0.109912639 0.190374276 0.028247129)
    (0.109885440 0.190327165 0.030116359)
    (0.109857225 0.190278294 0.031997464)
    (0.109829557 0.190230373 0.033882014)
    (0.109799918 0.190179037 0.035766590)
    (0.109776799 0.190138994 0.037642417)
    (0.112924385 0.195590773 0.003616329)
    (0.112826211 0.195420729 0.005407020)
    (0.112787620 0.195353888 0.007213129)
    (0.112766422 0.195317172 0.008967883)
    (0.112737147 0.195266466 0.010768317)
    (0.112704070 0.195209176 0.012568119)
    (0.112690808 0.195186205 0.014349206)
    (0.112678848 0.195165490 0.016174330)
    (0.112632637 0.195085451 0.017935045)
    (0.112633415 0.195086798 0.019710193)
    (0.112609251 0.195044944 0.021510426)
    (0.112571278 0.194979173 0.023314319)
    (0.112576807 0.194988750 0.024258131)
    (0.112520417 0.194891079 0.026070645)
    (0.112469850 0.194803494 0.027862226)
    (0.112407162 0.194694915 0.029664212)
    (0.112345554 0.194588207 0.031477619)
    (0.112285907 0.194484895 0.033293751)
    (0.112225514 0.194380292 0.035110416)
    (0.112172439 0.194288364 0.036917672)
    (0.114525114 0.198363316 0.003919754)
    (0.114469718 0.198267367 0.005638198)
    (0.115799635 0.200570852 0.007630676)
    (0.115738867 0.200465599 0.009311581)
    (0.115662618 0.200333531 0.011071362)
    (0.115587251 0.200202991 0.012800530)
    (0.115534379 0.200111414 0.014493399)
    (0.115488211 0.200031450 0.016255915)
    (0.115396959 0.199873397 0.017943704)
    (0.115354259 0.199799438 0.018824934)
    (0.115278735 0.199668627 0.020557523)
    (0.115185079 0.199506408 0.022282762)
    (0.115134367 0.199418573 0.024030571)
    (0.115113368 0.199382201 0.025779842)
    (0.115026532 0.199231798 0.027497471)
    (0.114928923 0.199062735 0.029228673)
    (0.114833696 0.198897795 0.030971926)
    (0.114742210 0.198739337 0.032716644)
    (0.114651224 0.198581746 0.034462412)
    (0.114568272 0.198438069 0.036198118)
    (0.117611679 0.203709404 0.004499204)
    (0.117522933 0.203555691 0.006161729)
    (0.117426767 0.203389127 0.007856184)
    (0.117336628 0.203233002 0.009546203)
    (0.117247050 0.203077847 0.011242061)
    (0.117157195 0.202922214 0.012932233)
    (0.117108500 0.202837871 0.013782849)
    (0.118294629 0.204892308 0.016390654)
    (0.118151789 0.204644901 0.018022190)
    (0.118035768 0.204443948 0.019648395)
    (0.117979114 0.204345819 0.020502971)
    (0.117847767 0.204118320 0.022158486)
    (0.117723223 0.203902604 0.023815951)
    (0.117681749 0.203830768 0.025511726)
    (0.117581491 0.203657117 0.027153140)
    (0.117449295 0.203428147 0.028808820)
    (0.117320730 0.203205465 0.030478722)
    (0.117197448 0.202991934 0.032144852)
    (0.118097143 0.204550252 0.034254555)
    (0.118092556 0.204542307 0.035095948)
    (0.120634744 0.208945505 0.005179815)
    (0.120441926 0.208611536 0.006779975)
    (0.120318447 0.208397664 0.008342745)
    (0.120221115 0.208229080 0.009975596)
    (0.120176228 0.208151334 0.011631360)
    (0.120045603 0.207925084 0.013246045)
    (0.119969223 0.207792789 0.014100758)
    (0.119852109 0.207589943 0.015685541)
    (0.119720288 0.207361622 0.017284390)
    (0.120751809 0.209148269 0.019675715)
    (0.120603344 0.208891119 0.021259458)
    (0.120507105 0.208724428 0.022068834)
    (0.120344091 0.208442079 0.023645630)
    (0.120232596 0.208248964 0.025241266)
    (0.120133606 0.208077510 0.026823842)
    (0.119967177 0.207789246 0.028397488)
    (0.119806272 0.207510550 0.029985569)
    (0.120670519 0.209007470 0.031989734)
    (0.120501613 0.208714917 0.033535731)
    (0.120483729 0.208683941 0.034337656)
    (0.122238061 0.211722532 0.005589873)
    (0.122092871 0.211471056 0.007128344)
    (0.123316259 0.213590026 0.008984917)
    (0.123226553 0.213434651 0.009824825)
    (0.123063403 0.213152067 0.011341918)
    (0.122882641 0.212838978 0.012866156)
    (0.122746893 0.212603856 0.014373331)
    (0.122672237 0.212474546 0.015958347)
    (0.122575335 0.212306707 0.016762071)
    (0.122401388 0.212005423 0.018272186)
    (0.122223708 0.211697672 0.019806498)
    (0.123167422 0.213332233 0.021992408)
    (0.122965403 0.212982326 0.023479705)
    (0.122903755 0.212875548 0.024280520)
    (0.122777446 0.212656774 0.025780405)
    (0.122580548 0.212315737 0.027252392)
    (0.122383721 0.211974822 0.028745254)
    (0.122193999 0.211646214 0.030237717)
    (0.122009322 0.211326344 0.031729995)
    (0.121919042 0.211169975 0.032478359)
    (0.125312615 0.217047816 0.006473345)
    (0.125307992 0.217039809 0.006504096)
    (0.125219803 0.216887061 0.007215870)
    (0.125207321 0.216865441 0.007234699)
    (0.125130198 0.216731861 0.007930101)
    (0.125120927 0.216715803 0.007970639)
    (0.125034059 0.216565343 0.008680030)
    (0.125029185 0.216556901 0.008717809)
    (0.124939021 0.216400733 0.009425450)
    (0.124934324 0.216392597 0.009466905)
    (0.124840266 0.216229684 0.010216436)
    (0.124840264 0.216229680 0.010215936)
    (0.124745673 0.216065845 0.010961312)
    (0.124745603 0.216065722 0.010961858)
    (0.124651252 0.215902301 0.011665208)
    (0.124646005 0.215893213 0.011703641)
    (0.124557236 0.215739462 0.012391984)
    (0.124550364 0.215727559 0.012434749)
    (0.124463628 0.215577328 0.013135215)
    (0.124452912 0.215558766 0.013182891)
    (-0.089702024 0.155368463 0.000877377)
    (-0.089710938 0.155383903 0.000881309)
    (-0.089769652 0.155485599 0.002012137)
    (-0.089769602 0.155485512 0.002014969)
    (-0.089892251 0.155697945 0.003132793)
    (-0.089890005 0.155694056 0.003137456)
    (-0.089890001 0.155694049 0.003137390)
    (-0.090017037 0.155914082 0.004255951)
    (-0.090017062 0.155914124 0.004255868)
    (-0.090149768 0.156143979 0.005369118)
    (-0.090149822 0.156144071 0.005368991)
    (-0.090152161 0.156148123 0.005370300)
    (-0.090285059 0.156378309 0.006484653)
    (-0.090285071 0.156378330 0.006484540)
    (-0.090426300 0.156622945 0.007596440)
    (-0.090426322 0.156622984 0.007596539)
    (-0.090427513 0.156625048 0.007595108)
    (-0.090563812 0.156861124 0.008708698)
    (-0.090563824 0.156861144 0.008708765)
    (-0.090699298 0.157095793 0.009823072)
    (-0.092803026 0.160739555 0.001117615)
    (-0.092851350 0.160823256 0.002220487)
    (-0.091635149 0.158716734 0.004291231)
    (-0.091756300 0.158926574 0.005396683)
    (-0.092013590 0.159372213 0.007592030)
    (-0.092139494 0.159590285 0.008693072)
    (-0.092308040 0.159882215 0.010920816)
    (-0.092421332 0.160078443 0.012030111)
    (-0.092569227 0.160334605 0.013134153)
    (-0.092886060 0.160883375 0.015285294)
    (-0.091814256 0.159026956 0.017487660)
    (-0.091963820 0.159286009 0.018608864)
    (-0.092101661 0.159524757 0.019748090)
    (-0.092347591 0.159950720 0.021942308)
    (-0.092389820 0.160023862 0.023129830)
    (-0.092509075 0.160230418 0.024258451)
    (-0.092752563 0.160652152 0.026498135)
    (-0.092862237 0.160842113 0.027616507)
    (-0.092959898 0.161011266 0.028746899)
    (-0.093176948 0.161387208 0.030996238)
    (-0.094406070 0.163516109 0.001248513)
    (-0.094580008 0.163817379 0.003394584)
    (-0.094779984 0.164163748 0.005548911)
    (-0.094898351 0.164368766 0.007736264)
    (-0.095111120 0.164737292 0.009878941)
    (-0.095320418 0.165099807 0.012025728)
    (-0.094229863 0.163210910 0.014130429)
    (-0.094488659 0.163659158 0.016310655)
    (-0.094736624 0.164088646 0.018476398)
    (-0.094872091 0.164323283 0.020680139)
    (-0.095079994 0.164683380 0.022867093)
    (-0.095277669 0.165025763 0.025063694)
    (-0.094263615 0.163269371 0.027369774)
    (-0.094457425 0.163605059 0.029608420)
    (-0.094649101 0.163937051 0.031832654)
    (-0.094811656 0.164218605 0.034068882)
    (-0.094919828 0.164405965 0.036330710)
    (-0.094980691 0.164511383 0.037476375)
    (-0.095134196 0.164777261 0.039721399)
    (-0.095342102 0.165137365 0.041955290)
    (-0.097452771 0.168793151 0.001551181)
    (-0.097547280 0.168956845 0.003655052)
    (-0.097702353 0.169225439 0.005771287)
    (-0.097878851 0.169531143 0.007870392)
    (-0.096679187 0.167453263 0.009890900)
    (-0.096877763 0.167797208 0.012004828)
    (-0.097086308 0.168158418 0.014105593)
    (-0.097303424 0.168534474 0.016230988)
    (-0.097408599 0.168716643 0.018368581)
    (-0.097602015 0.169051649 0.020492555)
    (-0.097769714 0.169342112 0.022625496)
    (-0.097928452 0.169617054 0.024764827)
    (-0.096878029 0.167797669 0.027017837)
    (-0.097039993 0.168078198 0.029222987)
    (-0.097190286 0.168338513 0.031374266)
    (-0.097324153 0.168570379 0.033552130)
    (-0.097392949 0.168689536 0.035755094)
    (-0.097438281 0.168768053 0.036874031)
    (-0.097560213 0.168979247 0.039064873)
    (-0.097738284 0.169287674 0.041249742)
    (-0.100550779 0.174159058 0.001885580)
    (-0.099173193 0.171773010 0.003774292)
    (-0.099315377 0.172019279 0.005845583)
    (-0.099469439 0.172286122 0.007911686)
    (-0.099620472 0.172547719 0.009982185)
    (-0.099778294 0.172821075 0.012047159)
    (-0.099878765 0.172995095 0.014114217)
    (-0.100022456 0.173243976 0.016191758)
    (-0.100177682 0.173512836 0.018247414)
    (-0.100330076 0.173776789 0.020314236)
    (-0.100459023 0.174000132 0.022395612)
    (-0.099355244 0.172088330 0.024587679)
    (-0.099492265 0.172325658 0.026681188)
    (-0.099617892 0.172543251 0.028827523)
    (-0.099729512 0.172736582 0.030920698)
    (-0.099833497 0.172916689 0.033045094)
    (-0.099891643 0.173017400 0.035179541)
    (-0.099895849 0.173024686 0.036276271)
    (-0.099986213 0.173181200 0.038410463)
    (-0.100134496 0.173438035 0.040543913)
    (-0.102147802 0.176925182 0.002074800)
    (-0.102235162 0.177076495 0.004070396)
    (-0.102337468 0.177253694 0.006085289)
    (-0.102418208 0.177393539 0.008101610)
    (-0.102460313 0.177466468 0.010121151)
    (-0.102564876 0.177647576 0.012142491)
    (-0.102724776 0.177924532 0.014131929)
    (-0.102836799 0.178118561 0.016149130)
    (-0.102945947 0.178307610 0.018147044)
    (-0.101794425 0.176313116 0.020224909)
    (-0.101908740 0.176511116 0.022271122)
    (-0.102006442 0.176680341 0.024320429)
    (-0.102105913 0.176852629 0.026356327)
    (-0.102182144 0.176984665 0.028411807)
    (-0.102238292 0.177081917 0.029474737)
    (-0.102315092 0.177214938 0.031537923)
    (-0.102389047 0.177343032 0.033606151)
    (-0.102417660 0.177392591 0.035681582)
    (-0.102426261 0.177407487 0.037755569)
    (-0.102530271 0.177587639 0.039833075)
    (-0.105195335 0.182203665 0.002461495)
    (-0.105192815 0.182199301 0.004421108)
    (-0.105248751 0.182296185 0.006387560)
    (-0.105327054 0.182431809 0.008313461)
    (-0.105396322 0.182551784 0.010283430)
    (-0.105460619 0.182663151 0.012237737)
    (-0.105572358 0.182856689 0.014170783)
    (-0.104337264 0.180717442 0.016116516)
    (-0.104436988 0.180890169 0.018094176)
    (-0.104523030 0.181039199 0.020077657)
    (-0.104599067 0.181170899 0.022069960)
    (-0.104659077 0.181274839 0.024061897)
    (-0.104718934 0.181378513 0.026034838)
    (-0.104758976 0.181447869 0.028029275)
    (-0.104797260 0.181514179 0.029060044)
    (-0.104838436 0.181585498 0.031062547)
    (-0.104878643 0.181655138 0.033070418)
    (-0.104916711 0.181721075 0.035082389)
    (-0.104949015 0.181777025 0.037096135)
    (-0.104964266 0.181803441 0.039114250)
    (-0.106791898 0.184968992 0.002686798)
    (-0.106825834 0.185027772 0.004582555)
    (-0.106868356 0.185101423 0.006507790)
    (-0.106920288 0.185191372 0.008428878)
    (-0.106970859 0.185278963 0.010353539)
    (-0.107025132 0.185372967 0.012273335)
    (-0.107081037 0.185469797 0.014189856)
    (-0.107148946 0.185587418 0.016107335)
    (-0.107205952 0.185686156 0.018023656)
    (-0.107250268 0.185762914 0.019946813)
    (-0.107286029 0.185824853 0.021874064)
    (-0.107309616 0.185865707 0.023808054)
    (-0.107320442 0.185884459 0.024776667)
    (-0.107339246 0.185917028 0.026711022)
    (-0.107355275 0.185944790 0.028649310)
    (-0.107363693 0.185959371 0.030583764)
    (-0.107368959 0.185968492 0.032530181)
    (-0.107373416 0.185976212 0.034481111)
    (-0.107374661 0.185978369 0.036431508)
    (-0.107381513 0.185990236 0.038374002)
    (-0.109886583 0.190329144 0.003142771)
    (-0.109884693 0.190325872 0.004969337)
    (-0.109887424 0.190330602 0.006831920)
    (-0.109898575 0.190349915 0.008690774)
    (-0.109908998 0.190367968 0.010552861)
    (-0.109921923 0.190390355 0.012410339)
    (-0.109934868 0.190412776 0.014264847)
    (-0.109959573 0.190455566 0.016121127)
    (-0.109974396 0.190481241 0.017975948)
    (-0.109968915 0.190471748 0.019824582)
    (-0.109956018 0.190449410 0.021679435)
    (-0.109946214 0.190432429 0.023548588)
    (-0.109950906 0.190440555 0.024504344)
    (-0.109926885 0.190398949 0.026384617)
    (-0.109912639 0.190374276 0.028247129)
    (-0.109885440 0.190327165 0.030116359)
    (-0.109857225 0.190278294 0.031997464)
    (-0.109829557 0.190230373 0.033882014)
    (-0.109799918 0.190179037 0.035766590)
    (-0.109776799 0.190138994 0.037642417)
    (-0.112924385 0.195590773 0.003616329)
    (-0.112826211 0.195420729 0.005407020)
    (-0.112787620 0.195353888 0.007213129)
    (-0.112766422 0.195317172 0.008967883)
    (-0.112737147 0.195266466 0.010768317)
    (-0.112704070 0.195209176 0.012568119)
    (-0.112690808 0.195186205 0.014349206)
    (-0.112678848 0.195165490 0.016174330)
    (-0.112632637 0.195085451 0.017935045)
    (-0.112633415 0.195086798 0.019710193)
    (-0.112609251 0.195044944 0.021510426)
    (-0.112571278 0.194979173 0.023314319)
    (-0.112576807 0.194988750 0.024258131)
    (-0.112520417 0.194891079 0.026070645)
    (-0.112469850 0.194803494 0.027862226)
    (-0.112407162 0.194694915 0.029664212)
    (-0.112345554 0.194588207 0.031477619)
    (-0.112285907 0.194484895 0.033293751)
    (-0.112225514 0.194380292 0.035110416)
    (-0.112172439 0.194288364 0.036917672)
    (-0.114525114 0.198363316 0.003919754)
    (-0.114469718 0.198267367 0.005638198)
    (-0.115799635 0.200570852 0.007630676)
    (-0.115738867 0.200465599 0.009311581)
    (-0.115662618 0.200333531 0.011071362)
    (-0.115587251 0.200202991 0.012800530)
    (-0.115534379 0.200111414 0.014493399)
    (-0.115488211 0.200031450 0.016255915)
    (-0.115396959 0.199873397 0.017943704)
    (-0.115354259 0.199799438 0.018824934)
    (-0.115278735 0.199668627 0.020557523)
    (-0.115185079 0.199506408 0.022282762)
    (-0.115134367 0.199418573 0.024030571)
    (-0.115113368 0.199382201 0.025779842)
    (-0.115026532 0.199231798 0.027497471)
    (-0.114928923 0.199062735 0.029228673)
    (-0.114833696 0.198897795 0.030971926)
    (-0.114742210 0.198739337 0.032716644)
    (-0.114651224 0.198581746 0.034462412)
    (-0.114568272 0.198438069 0.036198118)
    (-0.117611679 0.203709404 0.004499204)
    (-0.117522933 0.203555691 0.006161729)
    (-0.117426767 0.203389127 0.007856184)
    (-0.117336628 0.203233002 0.009546203)
    (-0.117247050 0.203077847 0.011242061)
    (-0.117157195 0.202922214 0.012932233)
    (-0.117108500 0.202837871 0.013782849)
    (-0.118294629 0.204892308 0.016390654)
    (-0.118151789 0.204644901 0.018022190)
    (-0.118035768 0.204443948 0.019648395)
    (-0.117979114 0.204345819 0.020502971)
    (-0.117847767 0.204118320 0.022158486)
    (-0.117723223 0.203902604 0.023815951)
    (-0.117681749 0.203830768 0.025511726)
    (-0.117581491 0.203657117 0.027153140)
    (-0.117449295 0.203428147 0.028808820)
    (-0.117320730 0.203205465 0.030478722)
    (-0.117197448 0.202991934 0.032144852)
    (-0.118097143 0.204550252 0.034254555)
    (-0.118092556 0.204542307 0.035095948)
    (-0.120634744 0.208945505 0.005179815)
    (-0.120441926 0.208611536 0.006779975)
    (-0.120318447 0.208397664 0.008342745)
    (-0.120221115 0.208229080 0.009975596)
    (-0.120176228 0.208151334 0.011631360)
    (-0.120045603 0.207925084 0.013246045)
    (-0.119969223 0.207792789 0.014100758)
    (-0.119852109 0.207589943 0.015685541)
    (-0.119720288 0.207361622 0.017284390)
    (-0.120751809 0.209148269 0.019675715)
    (-0.120603344 0.208891119 0.021259458)
    (-0.120507105 0.208724428 0.022068834)
    (-0.120344091 0.208442079 0.023645630)
    (-0.120232596 0.208248964 0.025241266)
    (-0.120133606 0.208077510 0.026823842)
    (-0.119967177 0.207789246 0.028397488)
    (-0.119806272 0.207510550 0.029985569)
    (-0.120670519 0.209007470 0.031989734)
    (-0.120501613 0.208714917 0.033535731)
    (-0.120483729 0.208683941 0.034337656)
    (-0.122238061 0.211722532 0.005589873)
    (-0.122092871 0.211471056 0.007128344)
    (-0.123316259 0.213590026 0.008984917)
    (-0.123226553 0.213434651 0.009824825)
    (-0.123063403 0.213152067 0.011341918)
    (-0.122882641 0.212838978 0.012866156)
    (-0.122746893 0.212603856 0.014373331)
    (-0.122672237 0.212474546 0.015958347)
    (-0.122575335 0.212306707 0.016762071)
    (-0.122401388 0.212005423 0.018272186)
    (-0.122223708 0.211697672 0.019806498)
    (-0.123167422 0.213332233 0.021992408)
    (-0.122965403 0.212982326 0.023479705)
    (-0.122903755 0.212875548 0.024280520)
    (-0.122777446 0.212656774 0.025780405)
    (-0.122580548 0.212315737 0.027252392)
    (-0.122383721 0.211974822 0.028745254)
    (-0.122193999 0.211646214 0.030237717)
    (-0.122009322 0.211326344 0.031729995)
    (-0.121919042 0.211169975 0.032478359)
    (-0.125312615 0.217047816 0.006473345)
    (-0.125307992 0.217039809 0.006504096)
    (-0.125219803 0.216887061 0.007215870)
    (-0.125207321 0.216865441 0.007234699)
    (-0.125130198 0.216731861 0.007930101)
    (-0.125120927 0.216715803 0.007970639)
    (-0.125034059 0.216565343 0.008680030)
    (-0.125029185 0.216556901 0.008717809)
    (-0.124939021 0.216400733 0.009425450)
    (-0.124934324 0.216392597 0.009466905)
    (-0.124840266 0.216229684 0.010216436)
    (-0.124840264 0.216229680 0.010215936)
    (-0.124745673 0.216065845 0.010961312)
    (-0.124745603 0.216065722 0.010961858)
    (-0.124651252 0.215902301 0.011665208)
    (-0.124646005 0.215893213 0.011703641)
    (-0.124557236 0.215739462 0.012391984)
    (-0.124550364 0.215727559 0.012434749)
    (-0.124463628 0.215577328 0.013135215)
    (-0.124452912 0.215558766 0.013182891)
    (-0.179404048 0.000000000 0.000877377)
    (-0.179421876 0.000000000 0.000881309)
    (-0.179539305 0.000000000 0.002012137)
    (-0.179539204 0.000000000 0.002014969)
    (-0.179784501 0.000000000 0.003132793)
    (-0.179780011 0.000000000 0.003137456)
    (-0.179780003 0.000000000 0.003137390)
    (-0.180034074 0.000000000 0.004255951)
    (-0.180034123 0.000000000 0.004255868)
    (-0.180299537 0.000000000 0.005369118)
    (-0.180299643 0.000000000 0.005368991)
    (-0.180304322 0.000000000 0.005370300)
    (-0.180570118 0.000000000 0.006484653)
    (-0.180570141 0.000000000 0.006484540)
    (-0.180852599 0.000000000 0.007596440)
    (-0.180852644 0.000000000 0.007596539)
    (-0.180855027 0.000000000 0.007595108)
    (-0.181127624 0.000000000 0.008708698)
    (-0.181127648 0.000000000 0.008708765)
    (-0.181398596 0.000000000 0.009823072)
    (-0.185606051 0.000000000 0.001117615)
    (-0.185702700 0.000000000 0.002220487)
    (-0.183270299 0.000000000 0.004291231)
    (-0.183512600 0.000000000 0.005396683)
    (-0.184027180 0.000000000 0.007592030)
    (-0.184278988 0.000000000 0.008693072)
    (-0.184616080 0.000000000 0.010920816)
    (-0.184842664 0.000000000 0.012030111)
    (-0.185138455 0.000000000 0.013134153)
    (-0.185772120 0.000000000 0.015285294)
    (-0.183628512 0.000000000 0.017487660)
    (-0.183927640 0.000000000 0.018608864)
    (-0.184203323 0.000000000 0.019748090)
    (-0.184695183 0.000000000 0.021942308)
    (-0.184779640 0.000000000 0.023129830)
    (-0.185018150 0.000000000 0.024258451)
    (-0.185505126 0.000000000 0.026498135)
    (-0.185724475 0.000000000 0.027616507)
    (-0.185919796 0.000000000 0.028746899)
    (-0.186353895 0.000000000 0.030996238)
    (-0.188812139 0.000000000 0.001248513)
    (-0.189160016 0.000000000 0.003394584)
    (-0.189559968 0.000000000 0.005548911)
    (-0.189796703 0.000000000 0.007736264)
    (-0.190222240 0.000000000 0.009878941)
    (-0.190640836 0.000000000 0.012025728)
    (-0.188459726 0.000000000 0.014130429)
    (-0.188977318 0.000000000 0.016310655)
    (-0.189473248 0.000000000 0.018476398)
    (-0.189744183 0.000000000 0.020680139)
    (-0.190159988 0.000000000 0.022867093)
    (-0.190555337 0.000000000 0.025063694)
    (-0.188527231 0.000000000 0.027369774)
    (-0.188914850 0.000000000 0.029608420)
    (-0.189298201 0.000000000 0.031832654)
    (-0.189623311 0.000000000 0.034068882)
    (-0.189839657 0.000000000 0.036330710)
    (-0.189961382 0.000000000 0.037476375)
    (-0.190268392 0.000000000 0.039721399)
    (-0.190684204 0.000000000 0.041955290)
    (-0.194905543 0.000000000 0.001551181)
    (-0.195094560 0.000000000 0.003655052)
    (-0.195404705 0.000000000 0.005771287)
    (-0.195757702 0.000000000 0.007870392)
    (-0.193358373 0.000000000 0.009890900)
    (-0.193755527 0.000000000 0.012004828)
    (-0.194172616 0.000000000 0.014105593)
    (-0.194606848 0.000000000 0.016230988)
    (-0.194817199 0.000000000 0.018368581)
    (-0.195204030 0.000000000 0.020492555)
    (-0.195539428 0.000000000 0.022625496)
    (-0.195856904 0.000000000 0.024764827)
    (-0.193756059 0.000000000 0.027017837)
    (-0.194079986 0.000000000 0.029222987)
    (-0.194380572 0.000000000 0.031374266)
    (-0.194648307 0.000000000 0.033552130)
    (-0.194785898 0.000000000 0.035755094)
    (-0.194876562 0.000000000 0.036874031)
    (-0.195120427 0.000000000 0.039064873)
    (-0.195476568 0.000000000 0.041249742)
    (-0.201101558 0.000000000 0.001885580)
    (-0.198346387 0.000000000 0.003774292)
    (-0.198630754 0.000000000 0.005845583)
    (-0.198938878 0.000000000 0.007911686)
    (-0.199240943 0.000000000 0.009982185)
    (-0.199556588 0.000000000 0.012047159)
    (-0.199757530 0.000000000 0.014114217)
    (-0.200044912 0.000000000 0.016191758)
    (-0.200355365 0.000000000 0.018247414)
    (-0.200660152 0.000000000 0.020314236)
    (-0.200918046 0.000000000 0.022395612)
    (-0.198710487 0.000000000 0.024587679)
    (-0.198984530 0.000000000 0.026681188)
    (-0.199235785 0.000000000 0.028827523)
    (-0.199459024 0.000000000 0.030920698)
    (-0.199666994 0.000000000 0.033045094)
    (-0.199783285 0.000000000 0.035179541)
    (-0.199791698 0.000000000 0.036276271)
    (-0.199972425 0.000000000 0.038410463)
    (-0.200268992 0.000000000 0.040543913)
    (-0.204295603 0.000000000 0.002074800)
    (-0.204470324 0.000000000 0.004070396)
    (-0.204674936 0.000000000 0.006085289)
    (-0.204836415 0.000000000 0.008101610)
    (-0.204920626 0.000000000 0.010121151)
    (-0.205129752 0.000000000 0.012142491)
    (-0.205449552 0.000000000 0.014131929)
    (-0.205673598 0.000000000 0.016149130)
    (-0.205891893 0.000000000 0.018147044)
    (-0.203588850 0.000000000 0.020224909)
    (-0.203817481 0.000000000 0.022271122)
    (-0.204012884 0.000000000 0.024320429)
    (-0.204211826 0.000000000 0.026356327)
    (-0.204364288 0.000000000 0.028411807)
    (-0.204476585 0.000000000 0.029474737)
    (-0.204630184 0.000000000 0.031537923)
    (-0.204778095 0.000000000 0.033606151)
    (-0.204835320 0.000000000 0.035681582)
    (-0.204852521 0.000000000 0.037755569)
    (-0.205060543 0.000000000 0.039833075)
    (-0.210390670 0.000000000 0.002461495)
    (-0.210385630 0.000000000 0.004421108)
    (-0.210497503 0.000000000 0.006387560)
    (-0.210654108 0.000000000 0.008313461)
    (-0.210792643 0.000000000 0.010283430)
    (-0.210921239 0.000000000 0.012237737)
    (-0.211144717 0.000000000 0.014170783)
    (-0.208674527 0.000000000 0.016116516)
    (-0.208873976 0.000000000 0.018094176)
    (-0.209046060 0.000000000 0.020077657)
    (-0.209198135 0.000000000 0.022069960)
    (-0.209318155 0.000000000 0.024061897)
    (-0.209437867 0.000000000 0.026034838)
    (-0.209517952 0.000000000 0.028029275)
    (-0.209594521 0.000000000 0.029060044)
    (-0.209676873 0.000000000 0.031062547)
    (-0.209757286 0.000000000 0.033070418)
    (-0.209833423 0.000000000 0.035082389)
    (-0.209898029 0.000000000 0.037096135)
    (-0.209928532 0.000000000 0.039114250)
    (-0.213583795 0.000000000 0.002686798)
    (-0.213651668 0.000000000 0.004582555)
    (-0.213736713 0.000000000 0.006507790)
    (-0.213840577 0.000000000 0.008428878)
    (-0.213941718 0.000000000 0.010353539)
    (-0.214050264 0.000000000 0.012273335)
    (-0.214162074 0.000000000 0.014189856)
    (-0.214297891 0.000000000 0.016107335)
    (-0.214411904 0.000000000 0.018023656)
    (-0.214500537 0.000000000 0.019946813)
    (-0.214572058 0.000000000 0.021874064)
    (-0.214619232 0.000000000 0.023808054)
    (-0.214640884 0.000000000 0.024776667)
    (-0.214678493 0.000000000 0.026711022)
    (-0.214710550 0.000000000 0.028649310)
    (-0.214727386 0.000000000 0.030583764)
    (-0.214737918 0.000000000 0.032530181)
    (-0.214746832 0.000000000 0.034481111)
    (-0.214749323 0.000000000 0.036431508)
    (-0.214763026 0.000000000 0.038374002)
    (-0.219773166 0.000000000 0.003142771)
    (-0.219769387 0.000000000 0.004969337)
    (-0.219774848 0.000000000 0.006831920)
    (-0.219797149 0.000000000 0.008690774)
    (-0.219817995 0.000000000 0.010552861)
    (-0.219843846 0.000000000 0.012410339)
    (-0.219869735 0.000000000 0.014264847)
    (-0.219919145 0.000000000 0.016121127)
    (-0.219948792 0.000000000 0.017975948)
    (-0.219937831 0.000000000 0.019824582)
    (-0.219912036 0.000000000 0.021679435)
    (-0.219892429 0.000000000 0.023548588)
    (-0.219901812 0.000000000 0.024504344)
    (-0.219853769 0.000000000 0.026384617)
    (-0.219825279 0.000000000 0.028247129)
    (-0.219770880 0.000000000 0.030116359)
    (-0.219714449 0.000000000 0.031997464)
    (-0.219659115 0.000000000 0.033882014)
    (-0.219599836 0.000000000 0.035766590)
    (-0.219553598 0.000000000 0.037642417)
    (-0.225848771 0.000000000 0.003616329)
    (-0.225652421 0.000000000 0.005407020)
    (-0.225575239 0.000000000 0.007213129)
    (-0.225532844 0.000000000 0.008967883)
    (-0.225474294 0.000000000 0.010768317)
    (-0.225408141 0.000000000 0.012568119)
    (-0.225381616 0.000000000 0.014349206)
    (-0.225357696 0.000000000 0.016174330)
    (-0.225265275 0.000000000 0.017935045)
    (-0.225266830 0.000000000 0.019710193)
    (-0.225218501 0.000000000 0.021510426)
    (-0.225142556 0.000000000 0.023314319)
    (-0.225153615 0.000000000 0.024258131)
    (-0.225040834 0.000000000 0.026070645)
    (-0.224939699 0.000000000 0.027862226)
    (-0.224814323 0.000000000 0.029664212)
    (-0.224691107 0.000000000 0.031477619)
    (-0.224571813 0.000000000 0.033293751)
    (-0.224451028 0.000000000 0.035110416)
    (-0.224344878 0.000000000 0.036917672)
    (-0.229050228 0.000000000 0.003919754)
    (-0.228939435 0.000000000 0.005638198)
    (-0.231599271 0.000000000 0.007630676)
    (-0.231477735 0.000000000 0.009311581)
    (-0.231325236 0.000000000 0.011071362)
    (-0.231174501 0.000000000 0.012800530)
    (-0.231068758 0.000000000 0.014493399)
    (-0.230976423 0.000000000 0.016255915)
    (-0.230793919 0.000000000 0.017943704)
    (-0.230708518 0.000000000 0.018824934)
    (-0.230557471 0.000000000 0.020557523)
    (-0.230370157 0.000000000 0.022282762)
    (-0.230268733 0.000000000 0.024030571)
    (-0.230226735 0.000000000 0.025779842)
    (-0.230053064 0.000000000 0.027497471)
    (-0.229857847 0.000000000 0.029228673)
    (-0.229667391 0.000000000 0.030971926)
    (-0.229484419 0.000000000 0.032716644)
    (-0.229302449 0.000000000 0.034462412)
    (-0.229136545 0.000000000 0.036198118)
    (-0.235223358 0.000000000 0.004499204)
    (-0.235045866 0.000000000 0.006161729)
    (-0.234853535 0.000000000 0.007856184)
    (-0.234673256 0.000000000 0.009546203)
    (-0.234494099 0.000000000 0.011242061)
    (-0.234314389 0.000000000 0.012932233)
    (-0.234216999 0.000000000 0.013782849)
    (-0.236589259 0.000000000 0.016390654)
    (-0.236303578 0.000000000 0.018022190)
    (-0.236071537 0.000000000 0.019648395)
    (-0.235958227 0.000000000 0.020502971)
    (-0.235695533 0.000000000 0.022158486)
    (-0.235446446 0.000000000 0.023815951)
    (-0.235363498 0.000000000 0.025511726)
    (-0.235162982 0.000000000 0.027153140)
    (-0.234898590 0.000000000 0.028808820)
    (-0.234641459 0.000000000 0.030478722)
    (-0.234394895 0.000000000 0.032144852)
    (-0.236194286 0.000000000 0.034254555)
    (-0.236185112 0.000000000 0.035095948)
    (-0.241269487 0.000000000 0.005179815)
    (-0.240883853 0.000000000 0.006779975)
    (-0.240636895 0.000000000 0.008342745)
    (-0.240442230 0.000000000 0.009975596)
    (-0.240352457 0.000000000 0.011631360)
    (-0.240091206 0.000000000 0.013246045)
    (-0.239938446 0.000000000 0.014100758)
    (-0.239704219 0.000000000 0.015685541)
    (-0.239440576 0.000000000 0.017284390)
    (-0.241503619 0.000000000 0.019675715)
    (-0.241206688 0.000000000 0.021259458)
    (-0.241014210 0.000000000 0.022068834)
    (-0.240688181 0.000000000 0.023645630)
    (-0.240465191 0.000000000 0.025241266)
    (-0.240267213 0.000000000 0.026823842)
    (-0.239934354 0.000000000 0.028397488)
    (-0.239612544 0.000000000 0.029985569)
    (-0.241341039 0.000000000 0.031989734)
    (-0.241003227 0.000000000 0.033535731)
    (-0.240967459 0.000000000 0.034337656)
    (-0.244476122 0.000000000 0.005589873)
    (-0.244185742 0.000000000 0.007128344)
    (-0.246632518 0.000000000 0.008984917)
    (-0.246453107 0.000000000 0.009824825)
    (-0.246126806 0.000000000 0.011341918)
    (-0.245765283 0.000000000 0.012866156)
    (-0.245493786 0.000000000 0.014373331)
    (-0.245344473 0.000000000 0.015958347)
    (-0.245150669 0.000000000 0.016762071)
    (-0.244802777 0.000000000 0.018272186)
    (-0.244447416 0.000000000 0.019806498)
    (-0.246334845 0.000000000 0.021992408)
    (-0.245930806 0.000000000 0.023479705)
    (-0.245807509 0.000000000 0.024280520)
    (-0.245554892 0.000000000 0.025780405)
    (-0.245161095 0.000000000 0.027252392)
    (-0.244767442 0.000000000 0.028745254)
    (-0.244387997 0.000000000 0.030237717)
    (-0.244018644 0.000000000 0.031729995)
    (-0.243838083 0.000000000 0.032478359)
    (-0.250625230 0.000000000 0.006473345)
    (-0.250615984 0.000000000 0.006504096)
    (-0.250439606 0.000000000 0.007215870)
    (-0.250414641 0.000000000 0.007234699)
    (-0.250260397 0.000000000 0.007930101)
    (-0.250241855 0.000000000 0.007970639)
    (-0.250068118 0.000000000 0.008680030)
    (-0.250058370 0.000000000 0.008717809)
    (-0.249878042 0.000000000 0.009425450)
    (-0.249868648 0.000000000 0.009466905)
    (-0.249680532 0.000000000 0.010216436)
    (-0.249680528 0.000000000 0.010215936)
    (-0.249491347 0.000000000 0.010961312)
    (-0.249491205 0.000000000 0.010961858)
    (-0.249302503 0.000000000 0.011665208)
    (-0.249292010 0.000000000 0.011703641)
    (-0.249114473 0.000000000 0.012391984)
    (-0.249100728 0.000000000 0.012434749)
    (-0.248927257 0.000000000 0.013135215)
    (-0.248905823 0.000000000 0.013182891)
    (-0.089702024 -0.155368463 0.000877377)
    (-0.089710938 -0.155383903 0.000881309)
    (-0.089769652 -0.155485599 0.002012137)
    (-0.089769602 -0.155485512 0.002014969)
    (-0.089892251 -0.155697945 0.003132793)
    (-0.089890005 -0.155694056 0.003137456)
    (-0.089890001 -0.155694049 0.003137390)
    (-0.090017037 -0.155914082 0.004255951)
    (-0.090017062 -0.155914124 0.004255868)
    (-0.090149768 -0.156143979 0.005369118)
    (-0.090149822 -0.156144071 0.005368991)
    (-0.090152161 -0.156148123 0.005370300)
    (-0.090285059 -0.156378309 0.006484653)
    (-0.090285071 -0.156378330 0.006484540)
    (-0.090426300 -0.156622945 0.007596440)
    (-0.090426322 -0.156622984 0.007596539)
    (-0.090427513 -0.156625048 0.007595108)
    (-0.090563812 -0.156861124 0.008708698)
    (-0.090563824 -0.156861144 0.008708765)
    (-0.090699298 -0.157095793 0.009823072)
    (-0.092803026 -0.160739555 0.001117615)
    (-0.092851350 -0.160823256 0.002220487)
    (-0.091635149 -0.158716734 0.004291231)
    (-0.091756300 -0.158926574 0.005396683)
    (-0.092013590 -0.159372213 0.007592030)
    (-0.092139494 -0.159590285 0.008693072)
    (-0.092308040 -0.159882215 0.010920816)
    (-0.092421332 -0.160078443 0.012030111)
    (-0.092569227 -0.160334605 0.013134153)
    (-0.092886060 -0.160883375 0.015285294)
    (-0.091814256 -0.159026956 0.017487660)
    (-0.091963820 -0.159286009 0.018608864)
    (-0.092101661 -0.159524757 0.019748090)
    (-0.092347591 -0.159950720 0.021942308)
    (-0.092389820 -0.160023862 0.023129830)
    (-0.092509075 -0.160230418 0.024258451)
    (-0.092752563 -0.160652152 0.026498135)
    (-0.092862237 -0.160842113 0.027616507)
    (-0.092959898 -0.161011266 0.028746899)
    (-0.093176948 -0.161387208 0.030996238)
    (-0.094406070 -0.163516109 0.001248513)
    (-0.094580008 -0.163817379 0.003394584)
    (-0.094779984 -0.164163748 0.005548911)
    (-0.094898351 -0.164368766 0.007736264)
    (-0.095111120 -0.164737292 0.009878941)
    (-0.095320418 -0.165099807 0.012025728)
    (-0.094229863 -0.163210910 0.014130429)
    (-0.094488659 -0.163659158 0.016310655)
    (-0.094736624 -0.164088646 0.018476398)
    (-0.094872091 -0.164323283 0.020680139)
    (-0.095079994 -0.164683380 0.022867093)
    (-0.095277669 -0.165025763 0.025063694)
    (-0.094263615 -0.163269371 0.027369774)
    (-0.094457425 -0.163605059 0.029608420)
    (-0.094649101 -0.163937051 0.031832654)
    (-0.094811656 -0.164218605 0.034068882)
    (-0.094919828 -0.164405965 0.036330710)
    (-0.094980691 -0.164511383 0.037476375)
    (-0.095134196 -0.164777261 0.039721399)
    (-0.095342102 -0.165137365 0.041955290)
    (-0.097452771 -0.168793151 0.001551181)
    (-0.097547280 -0.168956845 0.003655052)
    (-0.097702353 -0.169225439 0.005771287)
    (-0.097878851 -0.169531143 0.007870392)
    (-0.096679187 -0.167453263 0.009890900)
    (-0.096877763 -0.167797208 0.012004828)
    (-0.097086308 -0.168158418 0.014105593)
    (-0.097303424 -0.168534474 0.016230988)
    (-0.097408599 -0.168716643 0.018368581)
    (-0.097602015 -0.169051649 0.020492555)
    (-0.097769714 -0.169342112 0.022625496)
    (-0.097928452 -0.169617054 0.024764827)
    (-0.096878029 -0.167797669 0.027017837)
    (-0.097039993 -0.168078198 0.029222987)
    (-0.097190286 -0.168338513 0.031374266)
    (-0.097324153 -0.168570379 0.033552130)
    (-0.097392949 -0.168689536 0.035755094)
    (-0.097438281 -0.168768053 0.036874031)
    (-0.097560213 -0.168979247 0.039064873)
    (-0.097738284 -0.169287674 0.041249742)
    (-0.100550779 -0.174159058 0.001885580)
    (-0.099173193 -0.171773010 0.003774292)
    (-0.099315377 -0.172019279 0.005845583)
    (-0.099469439 -0.172286122 0.007911686)
    (-0.099620472 -0.172547719 0.009982185)
    (-0.099778294 -0.172821075 0.012047159)
    (-0.099878765 -0.172995095 0.014114217)
    (-0.100022456 -0.173243976 0.016191758)
    (-0.100177682 -0.173512836 0.018247414)
    (-0.100330076 -0.173776789 0.020314236)
    (-0.100459023 -0.174000132 0.022395612)
    (-0.099355244 -0.172088330 0.024587679)
    (-0.099492265 -0.172325658 0.026681188)
    (-0.099617892 -0.172543251 0.028827523)
    (-0.099729512 -0.172736582 0.030920698)
    (-0.099833497 -0.172916689 0.033045094)
    (-0.099891643 -0.173017400 0.035179541)
    (-0.099895849 -0.173024686 0.036276271)
    (-0.099986213 -0.173181200 0.038410463)
    (-0.100134496 -0.173438035 0.040543913)
    (-0.102147802 -0.176925182 0.002074800)
    (-0.102235162 -0.177076495 0.004070396)
    (-0.102337468 -0.177253694 0.006085289)
    (-0.102418208 -0.177393539 0.008101610)
    (-0.102460313 -0.177466468 0.010121151)
    (-0.102564876 -0.177647576 0.012142491)
    (-0.102724776 -0.177924532 0.014131929)
    (-0.102836799 -0.178118561 0.016149130)
    (-0.102945947 -0.178307610 0.018147044)
    (-0.101794425 -0.176313116 0.020224909)
    (-0.101908740 -0.176511116 0.022271122)
    (-0.102006442 -0.176680341 0.024320429)
    (-0.102105913 -0.176852629 0.026356327)
    (-0.102182144 -0.176984665 0.028411807)
    (-0.102238292 -0.177081917 0.029474737)
    (-0.102315092 -0.177214938 0.031537923)
    (-0.102389047 -0.177343032 0.033606151)
    (-0.102417660 -0.177392591 0.035681582)
    (-0.102426261 -0.177407487 0.037755569)
    (-0.102530271 -0.177587639 0.039833075)
    (-0.105195335 -0.182203665 0.002461495)
    (-0.105192815 -0.182199301 0.004421108)
    (-0.105248751 -0.182296185 0.006387560)
    (-0.105327054 -0.182431809 0.008313461)
    (-0.105396322 -0.182551784 0.010283430)
    (-0.105460619 -0.182663151 0.012237737)
    (-0.105572358 -0.182856689 0.014170783)
    (-0.104337264 -0.180717442 0.016116516)
    (-0.104436988 -0.180890169 0.018094176)
    (-0.104523030 -0.181039199 0.020077657)
    (-0.104599067 -0.181170899 0.022069960)
    (-0.104659077 -0.181274839 0.024061897)
    (-0.104718934 -0.181378513 0.026034838)
    (-0.104758976 -0.181447869 0.028029275)
    (-0.104797260 -0.181514179 0.029060044)
    (-0.104838436 -0.181585498 0.031062547)
    (-0.104878643 -0.181655138 0.033070418)
    (-0.104916711 -0.181721075 0.035082389)
    (-0.104949015 -0.181777025 0.037096135)
    (-0.104964266 -0.181803441 0.039114250)
    (-0.106791898 -0.184968992 0.002686798)
    (-0.106825834 -0.185027772 0.004582555)
    (-0.106868356 -0.185101423 0.006507790)
    (-0.106920288 -0.185191372 0.008428878)
    (-0.106970859 -0.185278963 0.010353539)
    (-0.107025132 -0.185372967 0.012273335)
    (-0.107081037 -0.185469797 0.014189856)
    (-0.107148946 -0.185587418 0.016107335)
    (-0.107205952 -0.185686156 0.018023656)
    (-0.107250268 -0.185762914 0.019946813)
    (-0.107286029 -0.185824853 0.021874064)
    (-0.107309616 -0.185865707 0.023808054)
    (-0.107320442 -0.185884459 0.024776667)
    (-0.107339246 -0.185917028 0.026711022)
    (-0.107355275 -0.185944790 0.028649310)
    (-0.107363693 -0.185959371 0.030583764)
    (-0.107368959 -0.185968492 0.032530181)
    (-0.107373416 -0.185976212 0.034481111)
    (-0.107374661 -0.185978369 0.036431508)
    (-0.107381513 -0.185990236 0.038374002)
    (-0.109886583 -0.190329144 0.003142771)
    (-0.109884693 -0.190325872 0.004969337)
    (-0.109887424 -0.190330602 0.006831920)
    (-0.109898575 -0.190349915 0.008690774)
    (-0.109908998 -0.190367968 0.010552861)
    (-0.109921923 -0.190390355 0.012410339)
    (-0.109934868 -0.190412776 0.014264847)
    (-0.109959573 -0.190455566 0.016121127)
    (-0.109974396 -0.190481241 0.017975948)
    (-0.109968915 -0.190471748 0.019824582)
    (-0.109956018 -0.190449410 0.021679435)
    (-0.109946214 -0.190432429 0.023548588)
    (-0.109950906 -0.190440555 0.024504344)
    (-0.109926885 -0.190398949 0.026384617)
    (-0.109912639 -0.190374276 0.028247129)
    (-0.109885440 -0.190327165 0.030116359)
    (-0.109857225 -0.190278294 0.031997464)
    (-0.109829557 -0.190230373 0.033882014)
    (-0.109799918 -0.190179037 0.035766590)
    (-0.109776799 -0.190138994 0.037642417)
    (-0.112924385 -0.195590773 0.003616329)
    (-0.112826211 -0.195420729 0.005407020)
    (-0.112787620 -0.195353888 0.007213129)
    (-0.112766422 -0.195317172 0.008967883)
    (-0.112737147 -0.195266466 0.010768317)
    (-0.112704070 -0.195209176 0.012568119)
    (-0.112690808 -0.195186205 0.014349206)
    (-0.112678848 -0.195165490 0.016174330)
    (-0.112632637 -0.195085451 0.017935045)
    (-0.112633415 -0.195086798 0.019710193)
    (-0.112609251 -0.195044944 0.021510426)
    (-0.112571278 -0.194979173 0.023314319)
    (-0.112576807 -0.194988750 0.024258131)
    (-0.112520417 -0.194891079 0.026070645)
    (-0.112469850 -0.194803494 0.027862226)
    (-0.112407162 -0.194694915 0.029664212)
    (-0.112345554 -0.194588207 0.031477619)
    (-0.112285907 -0.194484895 0.033293751)
    (-0.112225514 -0.194380292 0.035110416)
    (-0.112172439 -0.194288364 0.036917672)
    (-0.114525114 -0.198363316 0.003919754)
    (-0.114469718 -0.198267367 0.005638198)
    (-0.115799635 -0.200570852 0.007630676)
    (-0.115738867 -0.200465599 0.009311581)
    (-0.115662618 -0.200333531 0.011071362)
    (-0.115587251 -0.200202991 0.012800530)
    (-0.115534379 -0.200111414 0.014493399)
    (-0.115488211 -0.200031450 0.016255915)
    (-0.115396959 -0.199873397 0.017943704)
    (-0.115354259 -0.199799438 0.018824934)
    (-0.115278735 -0.199668627 0.020557523)
    (-0.115185079 -0.199506408 0.022282762)
    (-0.115134367 -0.199418573 0.024030571)
    (-0.115113368 -0.199382201 0.025779842)
    (-0.115026532 -0.199231798 0.027497471)
    (-0.114928923 -0.199062735 0.029228673)
    (-0.114833696 -0.198897795 0.030971926)
    (-0.114742210 -0.198739337 0.032716644)
    (-0.114651224 -0.198581746 0.034462412)
    (-0.114568272 -0.198438069 0.036198118)
    (-0.117611679 -0.203709404 0.004499204)
    (-0.117522933 -0.203555691 0.006161729)
    (-0.117426767 -0.203389127 0.007856184)
    (-0.117336628 -0.203233002 0.009546203)
    (-0.117247050 -0.203077847 0.011242061)
    (-0.117157195 -0.202922214 0.012932233)
    (-0.117108500 -0.202837871 0.013782849)
    (-0.118294629 -0.204892308 0.016390654)
    (-0.118151789 -0.204644901 0.018022190)
    (-0.118035768 -0.204443948 0.019648395)
    (-0.117979114 -0.204345819 0.020502971)
    (-0.117847767 -0.204118320 0.022158486)
    (-0.117723223 -0.203902604 0.023815951)
    (-0.117681749 -0.203830768 0.025511726)
    (-0.117581491 -0.203657117 0.027153140)
    (-0.117449295 -0.203428147 0.028808820)
    (-0.117320730 -0.203205465 0.030478722)
    (-0.117197448 -0.202991934 0.032144852)
    (-0.118097143 -0.204550252 0.034254555)
    (-0.118092556 -0.204542307 0.035095948)
    (-0.120634744 -0.208945505 0.005179815)
    (-0.120441926 -0.208611536 0.006779975)
    (-0.120318447 -0.208397664 0.008342745)
    (-0.120221115 -0.208229080 0.009975596)
    (-0.120176228 -0.208151334 0.011631360)
    (-0.120045603 -0.207925084 0.013246045)
    (-0.119969223 -0.207792789 0.014100758)
    (-0.119852109 -0.207589943 0.015685541)
    (-0.119720288 -0.207361622 0.017284390)
    (-0.120751809 -0.209148269 0.019675715)
    (-0.120603344 -0.208891119 0.021259458)
    (-0.120507105 -0.208724428 0.022068834)
    (-0.120344091 -0.208442079 0.023645630)
    (-0.120232596 -0.208248964 0.025241266)
    (-0.120133606 -0.208077510 0.026823842)
    (-0.119967177 -0.207789246 0.028397488)
    (-0.119806272 -0.207510550 0.029985569)
    (-0.120670519 -0.209007470 0.031989734)
    (-0.120501613 -0.208714917 0.033535731)
    (-0.120483729 -0.208683941 0.034337656)
    (-0.122238061 -0.211722532 0.005589873)
    (-0.122092871 -0.211471056 0.007128344)
    (-0.123316259 -0.213590026 0.008984917)
    (-0.123226553 -0.213434651 0.009824825)
    (-0.123063403 -0.213152067 0.011341918)
    (-0.122882641 -0.212838978 0.012866156)
    (-0.122746893 -0.212603856 0.014373331)
    (-0.122672237 -0.212474546 0.015958347)
    (-0.122575335 -0.212306707 0.016762071)
    (-0.122401388 -0.212005423 0.018272186)
    (-0.122223708 -0.211697672 0.019806498)
    (-0.123167422 -0.213332233 0.021992408)
    (-0.122965403 -0.212982326 0.023479705)
    (-0.122903755 -0.212875548 0.024280520)
    (-0.122777446 -0.212656774 0.025780405)
    (-0.122580548 -0.212315737 0.027252392)
    (-0.122383721 -0.211974822 0.028745254)
    (-0.122193999 -0.211646214 0.030237717)
    (-0.122009322 -0.211326344 0.031729995)
    (-0.121919042 -0.211169975 0.032478359)
    (-0.125312615 -0.217047816 0.006473345)
    (-0.125307992 -0.217039809 0.006504096)
    (-0.125219803 -0.216887061 0.007215870)
    (-0.125207321 -0.216865441 0.007234699)
    (-0.125130198 -0.216731861 0.007930101)
    (-0.125120927 -0.216715803 0.007970639)
    (-0.125034059 -0.216565343 0.008680030)
    (-0.125029185 -0.216556901 0.008717809)
    (-0.124939021 -0.216400733 0.009425450)
    (-0.124934324 -0.216392597 0.009466905)
    (-0.124840266 -0.216229684 0.010216436)
    (-0.124840264 -0.216229680 0.010215936)
    (-0.124745673 -0.216065845 0.010961312)
    (-0.124745603 -0.216065722 0.010961858)
    (-0.124651252 -0.215902301 0.011665208)
    (-0.124646005 -0.215893213 0.011703641)
    (-0.124557236 -0.215739462 0.012391984)
    (-0.124550364 -0.215727559 0.012434749)
    (-0.124463628 -0.215577328 0.013135215)
    (-0.124452912 -0.215558766 0.013182891)
    (0.089702024 -0.155368463 0.000877377)
    (0.089710938 -0.155383903 0.000881309)
    (0.089769652 -0.155485599 0.002012137)
    (0.089769602 -0.155485512 0.002014969)
    (0.089892251 -0.155697945 0.003132793)
    (0.089890005 -0.155694056 0.003137456)
    (0.089890001 -0.155694049 0.003137390)
    (0.090017037 -0.155914082 0.004255951)
    (0.090017062 -0.155914124 0.004255868)
    (0.090149768 -0.156143979 0.005369118)
    (0.090149822 -0.156144071 0.005368991)
    (0.090152161 -0.156148123 0.005370300)
    (0.090285059 -0.156378309 0.006484653)
    (0.090285071 -0.156378330 0.006484540)
    (0.090426300 -0.156622945 0.007596440)
    (0.090426322 -0.156622984 0.007596539)
    (0.090427513 -0.156625048 0.007595108)
    (0.090563812 -0.156861124 0.008708698)
    (0.090563824 -0.156861144 0.008708765)
    (0.090699298 -0.157095793 0.009823072)
    (0.092803026 -0.160739555 0.001117615)
    (0.092851350 -0.160823256 0.002220487)
    (0.091635149 -0.158716734 0.004291231)
    (0.091756300 -0.158926574 0.005396683)
    (0.092013590 -0.159372213 0.007592030)
    (0.092139494 -0.159590285 0.008693072)
    (0.092308040 -0.159882215 0.010920816)
    (0.092421332 -0.160078443 0.012030111)
    (0.092569227 -0.160334605 0.013134153)
    (0.092886060 -0.160883375 0.015285294)
    (0.091814256 -0.159026956 0.017487660)
    (0.091963820 -0.159286009 0.018608864)
    (0.092101661 -0.159524757 0.019748090)
    (0.092347591 -0.159950720 0.021942308)
    (0.092389820 -0.160023862 0.023129830)
    (0.092509075 -0.160230418 0.024258451)
    (0.092752563 -0.160652152 0.026498135)
    (0.092862237 -0.160842113 0.027616507)
    (0.092959898 -0.161011266 0.028746899)
    (0.093176948 -0.161387208 0.030996238)
    (0.094406070 -0.163516109 0.001248513)
    (0.094580008 -0.163817379 0.003394584)
    (0.094779984 -0.164163748 0.005548911)
    (0.094898351 -0.164368766 0.007736264)
    (0.095111120 -0.164737292 0.009878941)
    (0.095320418 -0.165099807 0.012025728)
    (0.094229863 -0.163210910 0.014130429)
    (0.094488659 -0.163659158 0.016310655)
    (0.094736624 -0.164088646 0.018476398)
    (0.094872091 -0.164323283 0.020680139)
    (0.095079994 -0.164683380 0.022867093)
    (0.095277669 -0.165025763 0.025063694)
    (0.094263615 -0.163269371 0.027369774)
    (0.094457425 -0.163605059 0.029608420)
    (0.094649101 -0.163937051 0.031832654)
    (0.094811656 -0.164218605 0.034068882)
    (0.094919828 -0.164405965 0.036330710)
    (0.094980691 -0.164511383 0.037476375)
    (0.095134196 -0.164777261 0.039721399)
    (0.095342102 -0.165137365 0.041955290)
    (0.097452771 -0.168793151 0.001551181)
    (0.097547280 -0.168956845 0.003655052)
    (0.097702353 -0.169225439 0.005771287)
    (0.097878851 -0.169531143 0.007870392)
    (0.096679187 -0.167453263 0.009890900)
    (0.096877763 -0.167797208 0.012004828)
    (0.097086308 -0.168158418 0.014105593)
    (0.097303424 -0.168534474 0.016230988)
    (0.097408599 -0.168716643 0.018368581)
    (0.097602015 -0.169051649 0.020492555)
    (0.097769714 -0.169342112 0.022625496)
    (0.097928452 -0.169617054 0.024764827)
    (0.096878029 -0.167797669 0.027017837)
    (0.097039993 -0.168078198 0.029222987)
    (0.097190286 -0.168338513 0.031374266)
    (0.097324153 -0.168570379 0.033552130)
    (0.097392949 -0.168689536 0.035755094)
    (0.097438281 -0.168768053 0.036874031)
    (0.097560213 -0.168979247 0.039064873)
    (0.097738284 -0.169287674 0.041249742)
    (0.100550779 -0.174159058 0.001885580)
    (0.099173193 -0.171773010 0.003774292)
    (0.099315377 -0.172019279 0.005845583)
    (0.099469439 -0.172286122 0.007911686)
    (0.099620472 -0.172547719 0.009982185)
    (0.099778294 -0.172821075 0.012047159)
    (0.099878765 -0.172995095 0.014114217)
    (0.100022456 -0.173243976 0.016191758)
    (0.100177682 -0.173512836 0.018247414)
    (0.100330076 -0.173776789 0.020314236)
    (0.100459023 -0.174000132 0.022395612)
    (0.099355244 -0.172088330 0.024587679)
    (0.099492265 -0.172325658 0.026681188)
    (0.099617892 -0.172543251 0.028827523)
    (0.099729512 -0.172736582 0.030920698)
    (0.099833497 -0.172916689 0.033045094)
    (0.099891643 -0.173017400 0.035179541)
    (0.099895849 -0.173024686 0.036276271)
    (0.099986213 -0.173181200 0.038410463)
    (0.100134496 -0.173438035 0.040543913)
    (0.102147802 -0.176925182 0.002074800)
    (0.102235162 -0.177076495 0.004070396)
    (0.102337468 -0.177253694 0.006085289)
    (0.102418208 -0.177393539 0.008101610)
    (0.102460313 -0.177466468 0.010121151)
    (0.102564876 -0.177647576 0.012142491)
    (0.102724776 -0.177924532 0.014131929)
    (0.102836799 -0.178118561 0.016149130)
    (0.102945947 -0.178307610 0.018147044)
    (0.101794425 -0.176313116 0.020224909)
    (0.101908740 -0.176511116 0.022271122)
    (0.102006442 -0.176680341 0.024320429)
    (0.102105913 -0.176852629 0.026356327)
    (0.102182144 -0.176984665 0.028411807)
    (0.102238292 -0.177081917 0.029474737)
    (0.102315092 -0.177214938 0.031537923)
    (0.102389047 -0.177343032 0.033606151)
    (0.102417660 -0.177392591 0.035681582)
    (0.102426261 -0.177407487 0.037755569)
    (0.102530271 -0.177587639 0.039833075)
    (0.105195335 -0.182203665 0.002461495)
    (0.105192815 -0.182199301 0.004421108)
    (0.105248751 -0.182296185 0.006387560)
    (0.105327054 -0.182431809 0.008313461)
    (0.105396322 -0.182551784 0.010283430)
    (0.105460619 -0.182663151 0.012237737)
    (0.105572358 -0.182856689 0.014170783)
    (0.104337264 -0.180717442 0.016116516)
    (0.104436988 -0.180890169 0.018094176)
    (0.104523030 -0.181039199 0.020077657)
    (0.104599067 -0.181170899 0.022069960)
    (0.104659077 -0.181274839 0.024061897)
    (0.104718934 -0.181378513 0.026034838)
    (0.104758976 -0.181447869 0.028029275)
    (0.104797260 -0.181514179 0.029060044)
    (0.104838436 -0.181585498 0.031062547)
    (0.104878643 -0.181655138 0.033070418)
    (0.104916711 -0.181721075 0.035082389)
    (0.104949015 -0.181777025 0.037096135)
    (0.104964266 -0.181803441 0.039114250)
    (0.106791898 -0.184968992 0.002686798)
    (0.106825834 -0.185027772 0.004582555)
    (0.106868356 -0.185101423 0.006507790)
    (0.106920288 -0.185191372 0.008428878)
    (0.106970859 -0.185278963 0.010353539)
    (0.107025132 -0.185372967 0.012273335)
    (0.107081037 -0.185469797 0.014189856)
    (0.107148946 -0.185587418 0.016107335)
    (0.107205952 -0.185686156 0.018023656)
    (0.107250268 -0.185762914 0.019946813)
    (0.107286029 -0.185824853 0.021874064)
    (0.107309616 -0.185865707 0.023808054)
    (0.107320442 -0.185884459 0.024776667)
    (0.107339246 -0.185917028 0.026711022)
    (0.107355275 -0.185944790 0.028649310)
    (0.107363693 -0.185959371 0.030583764)
    (0.107368959 -0.185968492 0.032530181)
    (0.107373416 -0.185976212 0.034481111)
    (0.107374661 -0.185978369 0.036431508)
    (0.107381513 -0.185990236 0.038374002)
    (0.109886583 -0.190329144 0.003142771)
    (0.109884693 -0.190325872 0.004969337)
    (0.109887424 -0.190330602 0.006831920)
    (0.109898575 -0.190349915 0.008690774)
    (0.109908998 -0.190367968 0.010552861)
    (0.109921923 -0.190390355 0.012410339)
    (0.109934868 -0.190412776 0.014264847)
    (0.109959573 -0.190455566 0.016121127)
    (0.109974396 -0.190481241 0.017975948)
    (0.109968915 -0.190471748 0.019824582)
    (0.109956018 -0.190449410 0.021679435)
    (0.109946214 -0.190432429 0.023548588)
    (0.109950906 -0.190440555 0.024504344)
    (0.109926885 -0.190398949 0.026384617)
    (0.109912639 -0.190374276 0.028247129)
    (0.109885440 -0.190327165 0.030116359)
    (0.109857225 -0.190278294 0.031997464)
    (0.109829557 -0.190230373 0.033882014)
    (0.109799918 -0.190179037 0.035766590)
    (0.109776799 -0.190138994 0.037642417)
    (0.112924385 -0.195590773 0.003616329)
    (0.112826211 -0.195420729 0.005407020)
    (0.112787620 -0.195353888 0.007213129)
    (0.112766422 -0.195317172 0.008967883)
    (0.112737147 -0.195266466 0.010768317)
    (0.112704070 -0.195209176 0.012568119)
    (0.112690808 -0.195186205 0.014349206)
    (0.112678848 -0.195165490 0.016174330)
    (0.112632637 -0.195085451 0.017935045)
    (0.112633415 -0.195086798 0.019710193)
    (0.112609251 -0.195044944 0.021510426)
    (0.112571278 -0.194979173 0.023314319)
    (0.112576807 -0.194988750 0.024258131)
    (0.112520417 -0.194891079 0.026070645)
    (0.112469850 -0.194803494 0.027862226)
    (0.112407162 -0.194694915 0.029664212)
    (0.112345554 -0.194588207 0.031477619)
    (0.112285907 -0.194484895 0.033293751)
    (0.112225514 -0.194380292 0.035110416)
    (0.112172439 -0.194288364 0.036917672)
    (0.114525114 -0.198363316 0.003919754)
    (0.114469718 -0.198267367 0.005638198)
    (0.115799635 -0.200570852 0.007630676)
    (0.115738867 -0.200465599 0.009311581)
    (0.115662618 -0.200333531 0.011071362)
    (0.115587251 -0.200202991 0.012800530)
    (0.115534379 -0.200111414 0.014493399)
    (0.115488211 -0.200031450 0.016255915)
    (0.115396959 -0.199873397 0.017943704)
    (0.115354259 -0.199799438 0.018824934)
    (0.115278735 -0.199668627 0.020557523)
    (0.115185079 -0.199506408 0.022282762)
    (0.115134367 -0.199418573 0.024030571)
    (0.115113368 -0.199382201 0.025779842)
    (0.115026532 -0.199231798 0.027497471)
    (0.114928923 -0.199062735 0.029228673)
    (0.114833696 -0.198897795 0.030971926)
    (0.114742210 -0.198739337 0.032716644)
    (0.114651224 -0.198581746 0.034462412)
    (0.114568272 -0.198438069 0.036198118)
    (0.117611679 -0.203709404 0.004499204)
    (0.117522933 -0.203555691 0.006161729)
    (0.117426767 -0.203389127 0.007856184)
    (0.117336628 -0.203233002 0.009546203)
    (0.117247050 -0.203077847 0.011242061)
    (0.117157195 -0.202922214 0.012932233)
    (0.117108500 -0.202837871 0.013782849)
    (0.118294629 -0.204892308 0.016390654)
    (0.118151789 -0.204644901 0.018022190)
    (0.118035768 -0.204443948 0.019648395)
    (0.117979114 -0.204345819 0.020502971)
    (0.117847767 -0.204118320 0.022158486)
    (0.117723223 -0.203902604 0.023815951)
    (0.117681749 -0.203830768 0.025511726)
    (0.117581491 -0.203657117 0.027153140)
    (0.117449295 -0.203428147 0.028808820)
    (0.117320730 -0.203205465 0.030478722)
    (0.117197448 -0.202991934 0.032144852)
    (0.118097143 -0.204550252 0.034254555)
    (0.118092556 -0.204542307 0.035095948)
    (0.120634744 -0.208945505 0.005179815)
    (0.120441926 -0.208611536 0.006779975)
    (0.120318447 -0.208397664 0.008342745)
    (0.120221115 -0.208229080 0.009975596)
    (0.120176228 -0.208151334 0.011631360)
    (0.120045603 -0.207925084 0.013246045)
    (0.119969223 -0.207792789 0.014100758)
    (0.119852109 -0.207589943 0.015685541)
    (0.119720288 -0.207361622 0.017284390)
    (0.120751809 -0.209148269 0.019675715)
    (0.120603344 -0.208891119 0.021259458)
    (0.120507105 -0.208724428 0.022068834)
    (0.120344091 -0.208442079 0.023645630)
    (0.120232596 -0.208248964 0.025241266)
    (0.120133606 -0.208077510 0.026823842)
    (0.119967177 -0.207789246 0.028397488)
    (0.119806272 -0.207510550 0.029985569)
    (0.120670519 -0.209007470 0.031989734)
    (0.120501613 -0.208714917 0.033535731)
    (0.120483729 -0.208683941 0.034337656)
    (0.122238061 -0.211722532 0.005589873)
    (0.122092871 -0.211471056 0.007128344)
    (0.123316259 -0.213590026 0.008984917)
    (0.123226553 -0.213434651 0.009824825)
    (0.123063403 -0.213152067 0.011341918)
    (0.122882641 -0.212838978 0.012866156)
    (0.122746893 -0.212603856 0.014373331)
    (0.122672237 -0.212474546 0.015958347)
    (0.122575335 -0.212306707 0.016762071)
    (0.122401388 -0.212005423 0.018272186)
    (0.122223708 -0.211697672 0.019806498)
    (0.123167422 -0.213332233 0.021992408)
    (0.122965403 -0.212982326 0.023479705)
    (0.122903755 -0.212875548 0.024280520)
    (0.122777446 -0.212656774 0.025780405)
    (0.122580548 -0.212315737 0.027252392)
    (0.122383721 -0.211974822 0.028745254)
    (0.122193999 -0.211646214 0.030237717)
    (0.122009322 -0.211326344 0.031729995)
    (0.121919042 -0.211169975 0.032478359)
    (0.125312615 -0.217047816 0.006473345)
    (0.125307992 -0.217039809 0.006504096)
    (0.125219803 -0.216887061 0.007215870)
    (0.125207321 -0.216865441 0.007234699)
    (0.125130198 -0.216731861 0.007930101)
    (0.125120927 -0.216715803 0.007970639)
    (0.125034059 -0.216565343 0.008680030)
    (0.125029185 -0.216556901 0.008717809)
    (0.124939021 -0.216400733 0.009425450)
    (0.124934324 -0.216392597 0.009466905)
    (0.124840266 -0.216229684 0.010216436)
    (0.124840264 -0.216229680 0.010215936)
    (0.124745673 -0.216065845 0.010961312)
    (0.124745603 -0.216065722 0.010961858)
    (0.124651252 -0.215902301 0.011665208)
    (0.124646005 -0.215893213 0.011703641)
    (0.124557236 -0.215739462 0.012391984)
    (0.124550364 -0.215727559 0.012434749)
    (0.124463628 -0.215577328 0.013135215)
    (0.124452912 -0.215558766 0.013182891)
);

fields
(
    rho
    U
    p
);

#includeEtc "caseDicts/functions/probes/probes.cfg"

// ************************************************************************* //
